-1.657643e-02
2.892790e-04
1.417945e-03
1.948882e-03
9.104292e-04
-1.658073e-03
-4.534522e-03
-6.025735e-03
-5.083700e-03
-2.159220e-03
9.382763e-04
2.089186e-03
2.756952e-04
-3.644702e-03
-7.331626e-03
-8.410906e-03
-6.047544e-03
-1.638393e-03
1.957291e-03
2.196644e-03
-1.416489e-03
-6.871188e-03
-1.078868e-02
-1.058565e-02
-6.218866e-03
-3.977399e-04
3.044090e-03
1.590813e-03
-4.206823e-03
-1.092224e-02
-1.432190e-02
-1.210233e-02
-5.488370e-03
1.352945e-03
3.892271e-03
1.218768e-04
-7.957724e-03
-1.545793e-02
-1.757654e-02
-1.277452e-02
-3.890887e-03
3.509009e-03
4.445502e-03
-2.106690e-03
-1.245381e-02
-2.026246e-02
-2.049178e-02
-1.266050e-02
-1.391700e-03
6.248975e-03
5.100855e-03
-4.733286e-03
-1.765029e-02
-2.575222e-02
-2.365499e-02
-1.201244e-02
2.494965e-03
1.089066e-02
7.292389e-03
-7.219473e-03
-2.467717e-02
-3.448567e-02
-2.961222e-02
-1.123811e-02
1.099995e-02
2.366974e-02
1.696231e-02
-8.995658e-03
-4.243554e-02
-6.418324e-02
-5.623450e-02
-1.073638e-02
6.488235e-02
1.493799e-01
2.154278e-01
2.403586e-01
2.154278e-01
1.493799e-01
6.488235e-02
-1.073638e-02
-5.623450e-02
-6.418324e-02
-4.243554e-02
-8.995658e-03
1.696231e-02
2.366974e-02
1.099995e-02
-1.123811e-02
-2.961222e-02
-3.448567e-02
-2.467717e-02
-7.219473e-03
7.292389e-03
1.089066e-02
2.494965e-03
-1.201244e-02
-2.365499e-02
-2.575222e-02
-1.765029e-02
-4.733286e-03
5.100855e-03
6.248975e-03
-1.391700e-03
-1.266050e-02
-2.049178e-02
-2.026246e-02
-1.245381e-02
-2.106690e-03
4.445502e-03
3.509009e-03
-3.890887e-03
-1.277452e-02
-1.757654e-02
-1.545793e-02
-7.957724e-03
1.218768e-04
3.892271e-03
1.352945e-03
-5.488370e-03
-1.210233e-02
-1.432190e-02
-1.092224e-02
-4.206823e-03
1.590813e-03
3.044090e-03
-3.977399e-04
-6.218866e-03
-1.058565e-02
-1.078868e-02
-6.871188e-03
-1.416489e-03
2.196644e-03
1.957291e-03
-1.638393e-03
-6.047544e-03
-8.410906e-03
-7.331626e-03
-3.644702e-03
2.756952e-04
2.089186e-03
9.382763e-04
-2.159220e-03
-5.083700e-03
-6.025735e-03
-4.534522e-03
-1.658073e-03
9.104292e-04
1.948882e-03
1.417945e-03
2.892790e-04
-1.657643e-02
